0.000000 26.694772
0.020202 26.357504
0.040404 26.020236
0.060606 25.682968
0.080808 25.345700
0.101010 25.008432
0.121212 24.671164
0.141414 24.333895
0.161616 23.996627
0.181818 23.659359
0.202020 23.322091
0.222222 22.984823
0.242424 22.647555
0.262626 22.310287
0.282828 21.973019
0.303030 21.635750
0.323232 21.298482
0.343434 20.961214
0.363636 20.623946
0.383838 20.286678
0.404040 19.949410
0.424242 19.612142
0.444444 19.274874
0.464646 18.937605
0.484848 18.600337
0.505051 18.263069
0.525253 17.925801
0.545455 17.588533
0.565657 17.251265
0.585859 16.913997
0.606061 16.576728
0.626263 16.239460
0.646465 15.902192
0.666667 15.564924
0.686869 15.227656
0.707071 14.890388
0.727273 14.553120
0.747475 14.215852
0.767677 13.878583
0.787879 13.541315
0.808081 13.204047
0.828283 12.866779
0.848485 12.529511
0.868687 12.192243
0.888889 11.854975
0.909091 11.517707
0.929293 11.180438
0.949495 10.843170
0.969697 10.505902
0.989899 10.168634
1.010101 9.915683
1.030303 9.713322
1.050505 9.510961
1.070707 9.308600
1.090909 9.106239
1.111111 8.903879
1.131313 8.701518
1.151515 8.499157
1.171717 8.296796
1.191919 8.094435
1.212121 7.892074
1.232323 7.689713
1.252525 7.487352
1.272727 7.284992
1.292929 7.082631
1.313131 6.880270
1.333333 6.677909
1.353535 6.475548
1.373737 6.273187
1.393939 6.070826
1.414141 5.868465
1.434343 5.666105
1.454545 5.463744
1.474747 5.261383
1.494949 5.059022
1.515152 4.856661
1.535354 4.654300
1.555556 4.451939
1.575758 4.249578
1.595960 4.047218
1.616162 3.844857
1.636364 3.642496
1.656566 3.440135
1.676768 3.237774
1.696970 3.035413
1.717172 2.833052
1.737374 2.630691
1.757576 2.428331
1.777778 2.225970
1.797980 2.023609
1.818182 1.821248
1.838384 1.618887
1.858586 1.416526
1.878788 1.214165
1.898990 1.011804
1.919192 0.809444
1.939394 0.607083
1.959596 0.404722
1.979798 0.202361
2.000000 0.000000
